[
    788.7799926758,
    788.1799926758,
    787.6799926758,
    787.2199951172,
    787.4399902344,
    787.7599975586,
    788.1400024414,
    788.5599975586,
    789.2,
    789.8,
    790.2799926758,
    790.699987793,
    791.2199829102,
    791.7999755859,
    792.5599853516,
    793.2399902344,
    793.9799926758,
    794.3199951172,
    794.1400024414,
    793.5,
    793.4400024414,
    793.1400024414,
    792.7600097656,
    792.4400024414,
    791.8599975586,
    790.8,
    790.1,
    790.1,
    790.8400024414,
    792.2800048828,
    793.7800048828,
    795.1200073242,
    796.1200073242,
    796.800012207,
    797.4800170898,
    798.4400146484,
    800.1200195313,
    801.7200195313,
    803.8200195312,
    806.6400146484,
    809.2800170898,
    811.7600097656,
    814.2400024414,
    815.9599975586,
    816.7400024414,
    817.2400024414,
    817.5200073242,
    817.8400146484,
    818.0800170898,
    818.1600097656,
    818.4200073242,
    818.2600097656,
    817.7800048828,
    817.2400024414,
    816.7400024414,
    813.6,
    810.7599975586,
    807.4599975586,
    803.2400024414,
    797.8200073242,
    793.9200073242,
    788.4400024414,
    783.2400024414,
    779.3800048828,
    774.9400024414,
    771.5800048828,
    769.800012207,
    768.5800170898,
    766.400012207,
    765.8400146484,
    766.000012207,
    765.1600097656,
    763.1800048828,
    761.5200073242,
    758.7,
    754.2199951172,
    750.399987793,
    747.299987793,
    745.0799804688,
    744.3199829102,
    744.7799926758,
    745.4,
    746.3400024414,
    746.8600097656,
    746.4600097656,
    744.4600097656,
    740.600012207,
    735.6200073242,
    729.6600097656,
    723.8400146484,
    719.4800048828,
    716.4400024414,
    713.8800048828,
    711.7599975586,
    710.1199951172,
    708.0400024414,
    705.5400024414,
    702.5,
    699.7400024414,
    697.2800048828,
    692.4800048828,
    688.8200073242,
    686.5600097656,
    683.4600097656,
    679.8800048828,
    678.6,
    675.6799926758,
    672.1199951172,
    669.3199951172,
    666.9199951172,
    664.2799926758,
    662.1,
    658.8199951172,
    654.0399902344,
    650.9399902344,
    650.6799926758,
    652.6599853516,
    654.6799926758,
    657.1199951172,
    658.8400024414,
    656.2200073242,
    651.8400146484,
    649.7400146484,
    649.700012207,
    648.9200073242,
    649.7400024414,
    650.0799926758,
    649.5599853516,
    647.7599880642,
    645.2399861654,
    642.6199869792,
    640.3999905056,
    637.699991862,
    634.9999932183,
    632.2999945747,
    629.599995931,
    626.8999972873,
    625.0200032552,
    627.000004069,
    632.0800021701,
    637.9800048828,
    642.3600097656,
    644.5400024414,
    640.3400024414,
    632.9200073242,
    624.6800048828,
    618.7199951172,
    614.4,
    612.7199951172,
    611.1399902344,
    609.299987793,
    606.599987793,
    603.5799804688,
    600.2799804687,
    598.5399780273,
    598.3199829102,
    599.1799926758,
    600.6400024414,
    602.3200073242,
    602.000012207,
    600.0200073242,
    595.7800048828,
    588.4800048828,
    584.2800048828,
    585.5600097656,
    588.7600097656,
    594.000012207,
    602.3400024414,
    607.3400024414,
    607.1199951172,
    601.8400024414,
    594.1799926758,
    585.8,
    577.3,
    571.1,
    572.2399902344,
    576.3,
    581.3599975586,
    588.0799926758,
    592.5599975586,
    592.3200073242,
    589.4400024414,
    586.4600016276,
    582.8800048828,
    580.2,
    579.199991862,
    580.299987793,
    581.399983724,
    580.2599853516,
    574.8799926758,
    562.199995931,
    551.3,
    543.0400024414,
    537.0599975586,
    535.9799926758,
    542.0799926758,
    546.0399902344,
    546.8199951172,
    546.6800048828,
    545.8800048828,
    545.0200073242,
    544.3600097656,
    542.100012207,
    541.200012207,
    539.500012207,
    536.100012207,
    530.6200073242,
    527.0200073242,
    522.9,
    519.7,
    521.4799926758,
    524.7,
    527.8199951172,
    530.1499979655,
    531.5299987793,
    528.9800048828,
    526.400004069,
    523.3500061035,
    520.300008138,
    517.4000061035,
    513.2900024414,
    509.9099995931,
    506.7799987793,
    504.0199951172,
    502.0599975586,
    501.8,
    501.4799987793,
    502.1199951172,
    502.8999938965,
    503.7199951172,
    504.5599975586,
    505.400004069,
    505.950012207,
    505.700012207
]